3226249984
5208249856
4908680192
8957349888
6263249920
3197110016
4200880128
5123809792
4651670016
3667190016
3149319936
3488450048
4277609984
3633530112
4225179904
5058610176
4342060032
5475579904
5653320192
6348819968
11568799744
8310689792
6783119872
5138500096
6608309760
6132409856
6895260160
12656300032
17950699520
21135998976
13911300096
13433299968
12153900032
14603799552
12976900096
13777399808
14309999616
12740599808
13314599936
14839499776
16894499840
22149699584
16516599808
22197999616
13086000128
11572299776
10664699904
13454300160
12487600128
12336499712
13025500160
14452599808
12136299520
10291200000
16846600192
16871900160
21783199744
23840899072
18314600448
15866000384
18413899776
16659999744
18500800512
16534099968
12065699840
12763599872
11084099584
12750799872
18853799936
18830600192
15020399616
10740400128
11801700352
9935179776
10537400320
9660609536
9940989952
8873169920
9746199552
7583269888
8350360064
7107359744
8637859840
8041160192
9959400448
12726899712
7263790080
7073549824
9285289984
13999800320
9169280000
9346750464
6784820224
7780960256
6122189824
6256439808
5696719872
7909819904
9062540288
7296159744
8660880384
8744009728
7652089856
9926540288
9405339648
8040079872
7739500032
6917929984
5706939904
7287690240
6966179840
6936189952
7317279744
7620590080
6690570240
6084149760
6468539904
6832169984
8797910016
7186089984
8704190464
5386319872
6296370176
6457399808
5991139840
6438230016
6834429952
5289379840
4426149888
6639190016
6729110016
6361789952
6043129856
5530390016
5954120192
5664600064
4569880064
5921039872
5378250240
4935289856
6361229824
6289509888
4553269760
4532100096
4333440000
5499700224
4936000000
5639320064
3766810112
3976610048
3652499968
4894060032
4272750080
4641889792
8906250240
7764460032
5191430144
5244480000
5631309824
6900879872
6529909760
7063209984
8438110208
7548550144
6629899776
6925190144
10678800384
11083100160
8970559488
7566289920
7805479936
8853000192
8673920000
7713019904
7558159872
10207299584
8217829888
7651939840
7222280192
7394019840
7415869952
7226890240
6906699776
8488520192
6821380096
5866379776
7364149760
6705710080
6760220160
5862530048
5764190208
4712399872
5191059968
5154990080
5137010176
6491120128
6049220096
4867829760
4051539968
4056519936
5040600064
5662660096
4922540032
5127130112
4921460224
4939299840
4851760128
4993169920
4961739776
4692259840
4485799936
4227579904
3845220096
5804839936
4745269760
4654380032
5052349952
5138710016
3955389952
3194170112
3104019968
4039200000
4057029888
3888640000
3529129984
5079810048
3431360000
4566909952
5500810240
3279759872
3296219904
3467800064
3966230016
4543860224
4788259840
4396930048
4672309760
4176689920
4999240192
4313959936
3961080064
3386210048
3718129920
4052430080
3644859904
3770170112
3805400064
2923670016
3285459968
4725799936
5961950208
6103410176
5111629824
4936869888
3726609920
3695460096
5132480000
7277689856
5845400064
4899089920
5195879936
3988750080
4107190016
5551400000
5287530000
4797620000
4214110000
4627150000
4268390000
3679110000
3925900000
4682800000
5064430000
4267040000
4528680000
4047850000
5665250000
4083980000
5301700000
4895450000
4328420000
4992990000
3984520000
3311170000
3665100000
3377180000
4668110000
3426180000
4097820000
3312600000
3295500000
4019000000
4659940000
4145880000
4463250000
4495650000
4116050000
4329540000
4087760000
4273640000
5800460000
5523470000
4264680000
3835060000
3671890000
3714100000
3849910000
4064230000
4210910000
4076220000
3216300000
3273730000
3910780000
4180090000
4431340000
4348110000
6531940000
4509660000
4197500000
4177310000
4726180000
4437300000
4606810000
5014430000
4363690000
4002280000
4000970000
3979260000
3887310000
3838410000
3671500000
3259740000
3306630000
3979460000
3580810000
3787650000
5181640000
3783500000
3064030000
3085320000
7370770000
4074800000
4088420000
3924080000
3578870000
3379130000
3253610000
3672860000
3716150000
3424670000
3230550000
3306050000
3393250000
3445190000
4199910000
3781100000
4191240000
3789400000
4234870000
3658640000
4390020000
4174800000
4700040000
4941260000
4665260000
4346820000
3705320000
3939060000
4295770000
4503800000
7398940000
7032140000
5279320000
4303150000
4159680000
7039560000
8428290000
6120120000
4569370000
4871490000
4679500000
6825640000
6476900000
5998720000
7280280000
6503347767
6048016717
5375314093
5262697895
5089570994
5028069239
5302481574
5878333109
6835615448
5305024497
4947372847
5020968740
4696765188
4139364829
4343372456
4372763663
3551763561
3744248994
5409247918
5911325473
6810689119
8927129279
7206015706
5605823233
6151275490
7240968501
6158207293
5326547918
5130222366
5631554348
4991655917
4770578575
4661840806
4324200990
5244856836
4530215219
4847965467
5137609824
5597027440
5228625637
5306593305
5115905225
6874143796
5538712865
4778170883
4681302466
5651384490
5537192302
5394457145
5464420383
5002961727
5955691380
5582489560
5004347059
5313623556
5433755649
5262869046
5265847539
5098183235
5570752966
6908930483
5897159493
5955112627
5831198271
5422926707
5071623601
5043937584
5332718886
5227549545
5482196038
5004962683
7735623101
6158833645
6282256903
6277056434
6480384532
6438903823
6271044418
6091952231
5934744052
7039512503
9908216640
9933626655
8693373948
7775128102
7826525254
8922258316
10794227451
9318796067
7931218996
8301309684
8399767798
7661247975
7578786076
7253558152
9029175788
10174126415
9175291529
9584165519
10638638944
10796103518
9713267607
10125901903
9809887079
9469184841
10480789570
9394210605
9856166973
8221625400
9646954186
9344919956
10175916388
10831212662
9252935969
9578850549
9144851065
10359818883
10707678815
10897131934
9353915899
10918665557
9732688060
9045122443
10157794171
21315047816
22899891582
18251810240
16837325387
16929795194
16655416140
17154113634
14722104361
15504590933
16555616019
13675206312
10823289598
10391952498
12290155061
11618660197
12438480677
13256489918
13780238655
13169647522
13731844223
14601631648
15867308108
17048033399
15330283408
16812108040
13111274675
12819992056
13735490672
13878964574
13679528236
14644460907
18720780006
17567780766
14808830723
15737171804
18026409033
15320605300
16784645411
19419875368
28867562329
27773333680
28677672181
32031452227
28344112920
33167197581
30066644905
21354286562
25902422040
23843404340
25127245056
24719473175
24457107820
25919126991
22256813107
26677970091
27949839564
24226919267
23473479966
29246528551
25365190957
22488303544
20266216022
22004511436
24609731549
21760923463
19474611077
19141423231
16522722810
16610726547
18689275117
17107279932
19034432883
18669407147
19831162906
18371033226
23348550311
15562951919
15848210536
15546809946
17846823784
20624008643
29995204861
20998326502
19271652365
24879684533
45105733173
39977475223
35087757766
29923961128
27256473494
29378589324
31015895223
30796494294
25920294033
23838480210
21092024306
19369044277
23482551458
28167921523
33627574244
28595327690
23534692797
21042616384
22486000001
25384047207
24151199070
24569921549
25187024648
20727426310
20206615155
17130580467
16334414913
17851916995
17398734322
15821952090
14495714483
16817809536
13738687093
13791445323
13829811132
16631520648
17165337858
17489094082
15352685061
16530894787
23875988832
23635107660
22194988641
19481591730
18339989960
18125355447
15774371518
13647198229
16681503537
19990838300
22899115082
20228207096
13778035685
12999813869
16038264603
15053082175
19473084768
17097508856
15627023886
15451030650
14153856610
18438654080
14762609503
17603790323
17045878501
13595263986
11454806419
11445355859
17248102294
19384917989
16742664769
14551239508
19536574783
15307366476
13670567493
17595943368
14906809639
15428063426
15323563925
14109864675
13468713124
12043433567
15160167779
15304603363
16169268880
19937691247
14734189639
13425266806
13199651698
15144925408
25002886689
21744728353
19258205289
16408941156
14141152736
13034629109
17115474183
15305343413
13125712443
13668823409
13139456229
12200497197
13160830305
18009742607
15592264032
19384942333
17618660671
19604381101
14532641605
13808286059
15151387859
15220412632
16071646996
14313052244
15651592610
13797825640
15504249442
15868748866
16803377857
21942878958
16268708849
28705065488
44496255609
32593129501
30948255332
28426779937
27706531577
26583653947
24324691031
21242676385
21132220847
26170255634
26198609048
23133895765
22700383839
24333037836
17578630606
20587919881
20265510765
20309769107
17545755405
19084739975
21796856471
16495389808
18668638897
21579470673
21083613816
20764300437
22514243371
34242315785
21008924418
30433517289
42685231262
21129505542
23991412764
19050116751
19709695456
17158194786
18720708479
17082040706
14797485769
21664240918
18816085231
18104466307
15453520564
15409908086
17872021272
18249031195
16350490689
18927080224
17125736940
17137029730
16881129804
20213265950
22363804217
31836522778
25904604416
22633815180
19312552168
23134537956
27831788041
22991622105
21559505149
22787010034
22777360996
21365673026
22445257702
22874131672
21167946112
18565664997
20802083465
28111481032
18444271275
19725074095
23276261598
28767291327
31672559265
24045990466
28714583844
25521165085
22903438381
22482910688
44841784107
40102834650
31313981931
36372139320
32337772627
34217320471
26422375678
24097418512
22600204051
25770680779
24397913026
19647331549
22177678796
28647338393
34398744403
30682598115
32378792851
29432489719
25922656496
30835736946
30934096509
29893183716
35222060874
37628823716
34522718159
35172043762
35807884663
39386548075
37648059389
43444303830
49356071373
43338264162
43865054831
43374780305
45998298413
47271023953
46992019710
44925260237
40930547513
35838025154
41185185761
45080496648
42515259129
50420050762
45470195695
44605450443
35792392544
35349164300
42857674409
42386715821
34746706368
39698054597
40826885651
36216930370
39973102121
46936995808
42213940994
38682762605
53980357243
74156772075
36154506008
33997889639
45368026430
38622642935
37878801016
51000731797
54442976103
42494390880
40099664740
46491916000
48221910672
44590107888
35319797642
34585598367
34885225901
28373690931
37101651525
32786468812
40346426266
47660646124
38976504903
33185988584
29510409856
46896904615
44243482668
37563249549
34815139178
43622840992
31222085946
35759567632
38619308647
34110434052
32288311031
46783242377
32513423567
32447188386
31311210215
37747113936
32589741511
33249153866
43500782316
34636526286
32941541447
33070154491
36162144725
33187959921
60201052203
66964629541
44068389997
40134388683
47101785174
45718796276
43148462663
49371886931
61112700562
51780748042
46566121841
63325279337
57119858802
42142717533
45558144023
56426907637
48158802327
36164766408
40084250663
41827139896
39254288955
36546239703
39326160532
29810773699
27727866812
32518803300
31288157264
29584186947
32740536902
34367073114
32896642044
32722975141
27773290299
35198901068
39137252109
25007459262
25921805072
23509628646
20438419222
25015250846
21486346312
23717842783
25706567601
30247143440
22610564515
17564322315
18991732746
26699704768
21565537209
20177709879
17770083003
19632223107
17130541557
15324301169
21104009514
17006433272
18961716076
18616048626
18341465837
17273093144
14560870760
16460547078
15735797744
15971550355
16338916796
13078970999
12290528515
12903406143
17889263252
13839652595
19702359883
18000702524
16860035605
13249910444
14452361907
17519821266
18085038362
15844731575
15713967523
13944570749
12252601475
12939002784
13755604146
18069581956
16532254884
18146399002
16552768325
16610070933
20507998997
35359749590
28766551142
24617249715
22857247901
23160469766
26075670303
27410067336
20271713443
21250197042
24411254471
23400740340
23132312867
17572057837
17489608833
26114112569
27039782640
25064548486
27522199497
24237958589
23354924400
20583375490
28227687027
26043227672
24502851117
20175242945
23762425999
20224191306
18482062658
20681511755
26301509932
22466660958
23240415076
19807127588
17485597759
19760127945
22285928250
27311555343
28037405299
31927261555
29965130374
44916565292
37071460174
33703098409
33430927462
24128292755
54406443211
45201121775
36750077324
36506852789
35453581940
32509451925
30769986455
38151810523
26341903912
22764204008
24699523788
28884999244
23621787804
23788661867
47144380902
39348590957
46852525493
53745972818
47762394731
46582396602
44171073700
40023134100
48661453918
44660271563
71251776995
47537578009
42623695307
37799458436
63314794397
22799117613
22877978588
19968627060
26163972642
24241420251
24103426719
24487233058
25635480772
19130430174
18283314340
23860769928
30915821592
43414712626
34729759598
28974975003
24542317940
24406920575
29461458313
33749878156
35867318895
56499499598
30581485201
30306464719
24453857900
30771455468
29869951617
35116364962
40856321439
39837841971
35024953706
26632075029
34149115566
25574938143
29772374934
34175758344
31599492172
27481710135
23653867583
31526766675
39006849170
49064800278
36985055355
36992873940
39650210707
41280434226
42741112308
51469565009
43710357371
61396835737
38886494645
32601040734
31133957704
47728480399
49633658712
37387697139
31930317405
33872388058
27242455064
25293775714
26896357742
31692288756
34420373071
25547132265
27919640985
21752580802
25450468637
22473997681
26741982541
44409011479
71378606374
40387896275
38487546580
37844228422
45852713981
44171632681
51146161904
41080759713
42068395846
48332647295
66479895605
49056742893
45265946774
51287442704
46754964848
40730301359
67865420765
78665235202
81163475344
67547324782
75289433811
84762141031
88107519480
61984162837
79980747690
123320567399
74773277909
69364315979
63615990033
67760757881
57706187875
52359854336
49511702429
57244195486
66834573161
75643067688
77207272511
48354737975
48643830599
59897054838
60255421470
62576762015
76517157706
117894572511
65141828798
52754542671
61400400660
63088585433
61166818159
68838074392
58598066402
71326033653
65500641143
101467222687
91809846886
87301089896
81388911810
76555041196
70250456155
71248675228
77069903166
77049582886
80820545404
52054723579
63495496918
68145460026
51897585191
92052420332
106102492824
63695521388
54506565949
350967941479
45910946382
53443887451
53891300112
47530897720
53220811975
52343816680
48625928883
34363564661
43137459378
48597428048
50912227385
57295577614
56772343595
55689944702
60669829814
43901225564
66419369890
59749798599
60258313191
55746041000
49063873786
50361731222
51943414539
56521454974
56435023914
70567223787
67999812841
56652197978
47266542233
47686580918
57625587027
54414116432
65520826225
61669163792
58727860620
59641344484
50749662970
60706272115
66058027988
75645303584
53053855641
46655208546
58238470525
46280252580
51828688519
69983454362
77451779687
60954381579
84293007468
66138759198
97468872758
65344865159
67849323955
54926612466
74798630778
86668667320
49014494781
46117114240
58284039825
49448222757
48000572955
46088929780
52395931985
42836427360
38177405335
51713139031
68564706967
69241316747
69523285106
68434023376
65382980634
65906690347
71776546298
61308396325
75215403907
96721152926
55737497453
59161047474
64047871555
74903638450
56187365084
126358098747
88281943359
82051616861
57377273240
78469274361
67359584098
56211915803
51346735160
43210968721
55200191952
45231013335
31646080921
39009847639
34639423297
33070867190
35460750427
41831090187
35959473399
28913440585
33683936663
49902050442
53972919008
43576032854
38699736985
37924228550
40669112838
43148914673
46420149185
39211635100
37096670047
36200887275
31207279719
36664034054
52809038594
58964353058
46317108925
33123368116
40230904226
38585385521
35511640894
33892523752
37901460044
34059036099
37838957079
38728974942
24383958643
24924307911
26721554282
26501259870
24796027477
29910396946
27436021028
22971873468
20108729370
24321499537
19120856669
21376531210
21300524237
23699476918
18895018942
18787986667
20434789545
23148267245
28203024559
19555230518
22552046192
21664706865
20856685287
51022126212
35097370560
38702404695
27167146027
33072782960
25802845343
26688438115
25595265436
26189830450
25372562724
35185031017
38226483046
40030862141
36302664750
38734079049
33546019517
34319709073
33723620826
31744259539
31211354442
30988958446
32776876610
33451362600
32194123075
37204312299
34706867452
40585205312
25370975378
34305053719
35361168834
32646349931
32666549568
34511076995
28568103401
25889650240
31847007016
34730363427
39139399125
39508070319
43206179619
37471327794
30322676319
38884105426
65210059683
49007762488
38672657013
39154666597
34499835245
27881980161
40969943253
38652152880
30484496466
31764293754
28727713711
28575630451
26967722648
43909845642
48701090088
38139709246
34244064430
42839345714
31604717236
30661222077
30980029059
30214940550
30602359905
31141681925
42850641582
30614346492
26638115879
33383173002
35873904236
49034730168
36807860413
34800873924
32491211414
39527792364
42637331698
41083758949
41684252783
36615791366
51780081801
34250964237
29032367511
38055562075
40471196346
40788955582
45908121370
38434082775
26882546034
27316183882
31064911614
34878965587
43657076893
45257083247
36856881767
32157938616
32241199927
36150572843
37746665647
36124731509
32615846901
30605102446
29094934221
24726754302
41125608330
42357991721
48730828378
35880633236
36084893887
30474228777
25122092191
30558763548
46844335592
39178392930
41388338699
38702407772
30624264863
26123447605
35036121783
37485803899
36635566789
34284016248
41810748221
30560857714
28116886357
32370840356
36708594618
36858195307
32379968686
39789134215
61385677469
37198201161
37707308001
33676814852
28479699446
29603577251
30966005122
25775869261
21939223599
32166727776
34638619079
36541828520
27268150947
32902725329
26098292690
25154053861
30961902129
27055803928
24447979559
28223878108
24367912228
19030650914
20964372926
24324345758
33430376883
30049226299
26686491018
36974172400
24582667004
27951569547
33071628362
42494677905
36851084859
30208048289
84196607520
28066355845
21294384372
32104232331
26327648900
33499938689
47691135082
23577403399
18371348298
17902097845
21690904261
22417209227
23091543258
20382033940
43011992031
39714385405
26017975951
41856658597
26428189594
31324598034
25041426629
22238830523
17194183075
14643548444
20734730465
20288500328
19155189416
18591534769
29412210792
19652846215
16142097334
28641855926
33079398868
23245887300
32142048537
26954925781
18152390304
14741589015
20827783012
22721659051
19792547657
26246662813
23310007704
13736557863
18340576452
29280402798
25493150450
21849073843
46383802093
26545599159
17467554129
23450127612
35690014104
32479047645
29183112630
24967782593
28516271427
16975917450
19745229902
28546143503
25776583476
32284121034
31078064711
26364890465
14616450657
17300745310
24322159070
23934000868
39616916192
22009601093
34421564942
19664853187
20127946682
24615543271
32004652376
25242943069
31042992291
30574413034
16950455995
28160889722
36362175703
31397059069
29333883962
33327427106
38162644287
29336594194
25414397610
32499785455
29640604055
39393395788
26101973106
27215995394
16050772496
17654475582
33949912166
30991500854
27691105228
24342001973
21756855753
16833150693
19087633042
33705182072
25303206547
27819532341
35372786395
28011716745
16138021249
17964398167
35445730570
34569088416
30981015184
33903704907
30882994649
23895713731
27002760110
32922642426
27326943244
36754404490
43106256317
37795577489
24375896406
36763041910
63355494961
59811038817
70388855818
66989173272
42841124537
28579868620
25835372065
32613897286
29101473475
31285268319
33773447707
30749382605
17274840442
21631532270
31483454557
26616506245
27525063551
36774325352
36582005748
35519577634
18093886409
39277993274
33538210634
41135817341
29083562061
26175547452
16588370958
17264085441
31947336829
40770974039
30242059107
21692004719
29867476527
27246574439
34163220274
68204556440
50913575242
54912007015
31183975654
27132421514
42009436760
35329942625
30818458597
28970212744
28574793478
26188097173
24957784918
18372538715
18027170497
20965695707
21381535161
23552740328
26267239923
30767551159
18100418740
16390821947
21594638208
26715546990
24598943708
25814972520
49899834488
29641127858
28688807249
24150249025
25810220018
33042430345
31158743333
25905575359
24302954056
22927802083
39974475562
48765202697
42932549127
33631012204
31421555646
24021799169
23565495303
35574561406
28624673855
31758955233
40212386158
35887249746
28148218301
23553591896
25849159141
28389250717
26288169966
24817580032
